0993083590
0993830094
0993013929
0993367828
0993716780
0993013919
0993309252
0993706283
0993143202
0993205280
0993196081
0993808691
0993692482
0993808390
0993280454
0993281040
0993310010
0993068575
0993140080
0993017404
0993205284
0993691581
0993368565
0993140232
0993725583
0993143616
0993068565
0993016393
0993031929
0993692481
0993192387
0993018434
0993293343
0993205985
0993084131
0993252393
0993367787
0993015464
0993142343
0993205287
0993808693
0993750747
0993367737
0993309525
0993143626
0993205289
0993706784
0993298202
0993363050
0993190087
0993140020
0993383414
0993368717
0993197782
0993013525
0993273020
0993716683
0993383191
0993140090
0993808294
0993143505
0993715687
0993017303
0993691782
0993120575
0993017969
0993017515
0993017414
